0. Test - Separate positive and negative features

1. Test - Apply feature transform

{'parfait': (-1, 0.0, 1.3636363636363635), 'trifle': (0.09283678105927848, 0.0, 1.3636363636363635), 'tart': (0.1639410776936493, 0.0, 1.0909090909090908),
'cappuccino': (0.1393498707984949, 0.0, 1.0909090909090908), 'pizza': (0.25648454480302685, 0.35, 1.0909090909090908), 'shortcake': (0.09283678105927848, 0.0,
1.0909090909090908), 'hot_pot': (0.04399341046018413, 0.66, 1.0909090909090908), 'tiramisu': (-0.11051997745152199, 0.0, 1.0909090909090908),
'dessert': (0.21219835670692222, 0.0, 1.0909090909090908), 'cookie': (0.10299773059019188, 0.0, 1.0909090909090908), 'orange_juice': (-1, 0.0, 1.0909090909090908),
 'goblet': (0.1724111648243743, 0.33, 1.0909090909090908), 'brew': (0.24510614399245445, 0.41, 1.0909090909090908), 'eggnog': (-1, 0.0, 1.0909090909090908),
 'sidecar': (0.030945593686426156, 0.0, 1.0909090909090908), 'guitar': (0.28745832801078236, 0.86, 0.8999999999999999),
 'pumpkin': (0.010317437165640802, 0.97, 0.8181818181818181), 'cake': (0.12319336403924912, 0.0, 0.8181818181818181),
 'pretzel': (-0.015711932307208618, 0.0, 0.8181818181818181), 'omelet': (-1, 0.0, 0.8181818181818181), 'espresso': (0.17797579110730383, 0.0, 0.8181818181818181),
 'ice_cream': (0.32900219677757736, 0.32, 0.8181818181818181), 'pancake': (0.1724111648243743, 0.0, 0.8181818181818181),
 'flan': (0.1724111648243743, 0.0, 0.8181818181818181), 'dough': (-1, 0.0, 0.8181818181818181), 'salad': (0.2513909169153379, 0.45, 0.8181818181818181),
  'water_bottle': (0.012896796457051, 0.0, 0.8181818181818181), 'congee': (-1, 0.0, 0.8181818181818181), 'fruit_salad': (0.1724111648243743, 0.0, 0.8181818181818181),
  'meat_loaf': (0.0659901156902762, 0.56, 0.8181818181818181), 'pasta': (0.30178503709499344, 0.7, 0.8181818181818181),
  'tea': (0.3441377061563187, 0.0, 0.8181818181818181), 'fish': (0.11856460882930729, 0.0, 0.8181818181818181),
  'spaghetti': (0.09283678105927848, 0.32, 0.8181818181818181), 'lobster': (0.09741398030469343, 0.34, 0.8181818181818181),
   'pastry': (0.308900884419851, 0.0, 0.8181818181818181), 'pudding': (0.24510614399245445, 0.37, 0.8181818181818181),
   'rambutan': (-0.04399341046018413, 0.83, 0.8181818181818181), 'milk': (-0.15472796843213077, 0.0, 0.8181818181818181),
   'cabbage': (-0.030945593686426156, 0.0, 0.8181818181818181), 'cocktail': (0.35342358535850155, 0.71, 0.8181818181818181),
    'wine': (0.2501978512667894, 0.47, 0.8181818181818181), 'cello': (0.17292415044398626, 0.0, 0.6000000000000001),
    'flute': (-1, 0.0, 0.6000000000000001), 'trumpet': (0.0659901156902762, 0.0, 0.6000000000000001), 'drum': (0.19327876567052127, 0.0, 0.6000000000000001),
     'piano': (0.1724111648243743, 0.82, 0.6000000000000001), 'violin': (0.030945593686426156, 0.51, 0.6000000000000001),
     'trombone': (0.1724111648243743, 0.0, 0.6000000000000001), 'snorkel': (-0.030945593686426156, 0.49, 0.5454545454545454),
     'fancy_dress': (0.04042382737651627, 0.71, 0.5454545454545454), 'grape': (0.10426417661166683, 0.0, 0.5454545454545454),
      'cauliflower': (-1, 0.0, 0.5454545454545454), 'grapefruit': (0.09283678105927848, 0.58, 0.5454545454545454),
      'carrot': (0.1602617095335279, 0.0, 0.5454545454545454), 'guava': (-0.015711932307208618, 0.0, 0.5454545454545454),
      'french_fries': (0.13704477203988727, 0.9, 0.5454545454545454), 'peach': (-1, 0.0, 0.5454545454545454),
      'asparagus': (0.1724111648243743, 0.32, 0.5454545454545454), 'candy': (0.1724111648243743, 0.42, 0.5454545454545454),
      'granny_smith': (0.051587185828204, 0.0, 0.5454545454545454), 'tomato': (0.09283678105927848, 0.0, 0.5454545454545454),
      'fig': (0.04085102399874241, 0.71, 0.5454545454545454), 'mango': (0.09283678105927848, 0.0, 0.5454545454545454), 'gyro': (-1, 0.0, 0.5454545454545454),
       'waffle': (0.18829322827294462, 0.0, 0.5454545454545454), 'carbonara': (0.19168557414794513, 0.0, 0.5454545454545454),
       'marinara': (0.1724111648243743, 0.0, 0.5454545454545454), 'guacamole': (0.1724111648243743, 0.73, 0.5454545454545454),
       'muffin': (0.2443671647335925, 0.59, 0.5454545454545454), 'orange': (-0.19893595941273956, 0.0, 0.5454545454545454),
       'parsnip': (0.09283678105927848, 0.41, 0.5454545454545454), 'butternut_squash': (-0.11051997745152199, 0.0, 0.5454545454545454),
       'broccoli': (-1, 0.0, 0.5454545454545454), 'lettuce': (-1, 0.0, 0.5454545454545454), 'pineapple': (0.17797579110730383, 0.0, 0.5454545454545454),
        'artichoke': (-0.11607116811345901, 0.55, 0.5454545454545454), 'watermelon': (-1, 0.0, 0.5454545454545454),
         'salmon': (0.1319802313805524, 0.34, 0.5454545454545454), 'cucumber': (0.035932291001347795, 0.4, 0.5454545454545454),
         'strawberry': (-0.11051997745152199, 0.96, 0.5454545454545454), 'mushroom': (0.19884272939081743, 0.0, 0.5454545454545454),
         'bread': (0.09283678105927848, 0.85, 0.5454545454545454), 'jalapeno': (-1, 0.0, 0.5454545454545454),
         'spinach': (-0.030945593686426156, 0.0, 0.5454545454545454), 'corn': (0.013474609125505424, 0.44, 0.5454545454545454),
          'nacho': (0.3170714451501985, 0.0, 0.5454545454545454), 'apple': (0.17368244766189217, 0.0, 0.5454545454545454),
          'honey': (0.16654648245641135, 0.37, 0.5454545454545454), 'hip': (-0.030945593686426156, 0.87, 0.5454545454545454),
          'bok_choy': (-1, 0.0, 0.5454545454545454), 'chestnut': (0.09283678105927848, 0.0, 0.5454545454545454),
          'zucchini': (-0.13699185944263848, 0.0, 0.5454545454545454), 'gazpacho': (-0.15472796843213077, 0.0, 0.5454545454545454),
           'jackfruit': (-0.10369875322757688, 0.0, 0.5454545454545454), 'coffee_cup': (0.2308687033324503, 0.37, 0.5454545454545454),
           'pear': (-1, 0.0, 0.5454545454545454), 'cheeseburger': (0.09283678105927848, 0.0, 0.5454545454545454), 'persimmon': (-1, 0.0, 0.5454545454545454),
           'cress': (-0.01576713612494143, 0.0, 0.5454545454545454), 'shrimp': (0.2702452356839882, 0.0, 0.5454545454545454),
           'croissant': (-1, 0.0, 0.5454545454545454), 'acorn': (0.04085102399874241, 0.84, 0.5454545454545454), 'durian': (-1, 0.0, 0.5454545454545454),
            'quince': (-1, 0.0, 0.5454545454545454), 'chili': (0.19168557414794513, 0.34, 0.5454545454545454), 'wine_glass': (0.20761469839896365, 0.4, 0.5454545454545454), 'beer': (0.29854666483035874, 0.56, 0.5454545454545454),
            'corkscrew': (-0.030945593686426156, 0.41, 0.5454545454545454), 'champagne': (0.1724111648243743, 0.0, 0.5454545454545454),
            'red_wine': (-1, 0.0, 0.5454545454545454), 'wine_bottle': (-1, 0.0, 0.5454545454545454), 'mosque': (0.1724111648243743, 0.94, 0.30000000000000004),
             'totem_pole': (-0.0029370190594835725, 0.45, 0.30000000000000004), 'cathedral': (0.09513754933956609, 0.0, 0.30000000000000004),
             'church': (0.2702452356839882, 0.96, 0.30000000000000004), 'synagogue': (0.07047225877004895, 0.31, 0.30000000000000004),
             'motorcycle': (0.13704477203988727, 0.85, 0.30000000000000004), 'liner': (-0.15472796843213077, 0.0, 0.30000000000000004),
             'sea_lion': (0.09283678105927848, 0.98, 0.30000000000000004), 'book': (0.17500610927895488, 0.34, 0.30000000000000004), 'harp': (-1, 0.0, 0.30000000000000004),
              'record_player': (0.030945593686426156, 0.76, 0.30000000000000004), 'sculpture': (0.10866970520089218, 0.72, 0.30000000000000004),
               'dinosaur': (-0.09998829802738418, 0.54, 0.30000000000000004), 'castle': (0.10139658391509383, 0.58, 0.30000000000000004),
                'canoe': (0.06732957453038253, 0.37, 0.2727272727272727), 'rowing': (-0.030945593686426156, 0.0, 0.2727272727272727),
                'paddle': (0.1724111648243743, 0.33, 0.2727272727272727), 'jockey': (0.1724111648243743, 0.7, 0.2727272727272727),
                 'horse': (-0.13287915139848336, 0.31, 0.2727272727272727), 'ski': (-0.030945593686426156, 0.0, 0.2727272727272727),
                 'wicket': (-0.15472796843213077, 0.0, 0.2727272727272727), 'tennis': (0.1724111648243743, 0.57, 0.2727272727272727),
                 'rugby': (-1, 0.0, 0.2727272727272727), 'sarong': (0.24510614399245445, 0.93, 0.2727272727272727), 'maillot': (-0.013585528095024795, 0.35, 0.2727272727272727), 'gown': (0.30178503709499344, 0.74, 0.2727272727272727), 'bow_tie': (0.051771097947461056, 0.4, 0.2727272727272727), 'apron': (0.1724111648243743, 0.0, 0.2727272727272727), 'microphone': (0.2702452356839882, 0.33, 0.2727272727272727), 'sunflower': (0.09283678105927848, 0.97, 0.2727272727272727), 'bakery': (0.23214233622691802, 0.6, 0.2727272727272727), 'sombrero': (-0.036111030079742805, 0.74, 0.2727272727272727), 'perfume': (-0.19893595941273956, 0.0, 0.2727272727272727), 'burrito': (0.09283678105927848, 0.0, 0.2727272727272727), 'bell_pepper': (0.27398371888527695, 0.65, 0.2727272727272727), 'rapeseed': (-0.030945593686426156, 0.88, 0.2727272727272727), 'potato': (0.09283678105927848, 0.0, 0.2727272727272727), 'sandwich': (0.2501978512667894, 0.54, 0.2727272727272727), 'chard': (0.22429802237745178, 0.54, 0.2727272727272727), 'lemon': (0.34135676451280406, 0.37, 0.2727272727272727), 'supermarket': (0.2829667916356139, 0.0, 0.2727272727272727), 'buckeye': (-0.005158718582820401, 0.0, 0.2727272727272727), 'pomegranate': (-0.030945593686426156, 0.68, 0.2727272727272727), 'spoon': (0.17974113769660935, 0.0, 0.2727272727272727), 'popcorn': (-0.15271223675572812, 0.0, 0.2727272727272727), 'crab': (0.05386936411090507, 0.58, 0.2727272727272727), 'chowder': (-1, 0.0, 0.2727272727272727), 'banana': (0.06664559038188886, 0.32, 0.2727272727272727), 'hot_dog': (0.1831345096901242, 0.36, 0.2727272727272727), 'soup': (0.1886445277570759, 0.0, 0.2727272727272727), 'hamburger': (0.2513909169153379, 0.85, 0.2727272727272727), 'sushi': (0.08769821590794681, 0.0, 0.2727272727272727), 'coconut': (0.08027229559944928, 0.4, 0.2727272727272727), 'barbecue': (0.13082559855505516, 0.6, 0.2727272727272727), 'bagel': (0.04399341046018413, 0.0, 0.2727272727272727), 'doughnut': (0.030945593686426156, 0.0, 0.2727272727272727), 'celery': (0.21334797782050252, 0.35, 0.2727272727272727), 'cherry': (-1, 0.0, 0.2727272727272727), 'porridge': (-1, 0.0, 0.2727272727272727), 'western': (0.09283678105927848, 0.0, 0.2727272727272727), 'oatmeal': (0.18540080122506167, 0.0, 0.2727272727272727), 'press': (-0.0031423864614417234, 0.39, 0.2727272727272727), 'shovel': (-0.046173740666490055, 0.35, 0.2727272727272727), 'bottle_opener': (0.24510614399245445, 0.31, 0.2727272727272727), 'canteen': (-0.11051997745152199, 0.47, 0.2727272727272727), 'card': (-1, 0.0, 0.0), 'slot': (-1, 0.0, 0.0), 'casino': (-1, 0.0, 0.0), 'scratch_card': (-1, 0.0, 0.0), 'dice': (-1, 0.0, 0.0), 'boat': (-1, 0.0, 0.0), 'surfboard': (-1, 0.0, 0.0), 'baseball': (-1, 0.0, 0.0), 'skateboard': (-1, 0.0, 0.0), 'boomerang': (-1, 0.0, 0.0), 'volleyball': (-1, 0.0, 0.0), 'golf': (-1, 0.0, 0.0), 'bow': (-1, 0.0, 0.0), 'stick': (-1, 0.0, 0.0), 'roller_skates': (-1, 0.0, 0.0), 'segway': (-1, 0.0, 0.0), 'trench_coat': (-1, 0.0, 0.0), 'nursery': (-1, 0.0, 0.0), 'interceptor': (-1, 0.0, 0.0), 'seat_belt': (-1, 0.0, 0.0), 'aircraft_carrier': (-1, 0.0, 0.0), 'tricycle': (-1, 0.0, 0.0), 'fighter': (-1, 0.0, 0.0), 'jeep': (-1, 0.0, 0.0), 'mountain_bike': (-1, 0.0, 0.0), 'gondola': (-1, 0.0, 0.0), 'scissors': (-1, 0.0, 0.0), 'clipper': (-1, 0.0, 0.0), 'dogsled': (-1, 0.0, 0.0), 'suitcase': (-1, 0.0, 0.0), 'palm_tree': (-1, 0.0, 0.0), 'drone': (-1, 0.0, 0.0), 'calculator': (-1, 0.0, 0.0), 'backpack': (-1, 0.0, 0.0), 'toilet': (-1, 0.0, 0.0), 'web_site': (-1, 0.0, 0.0), 'stamp': (-1, 0.0, 0.0), 'bookshop': (-1, 0.0, 0.0), 'laptop': (-1, 0.0, 0.0), 'notebook': (-1, 0.0, 0.0), 'flower': (-1, 0.0, 0.0), 'skull': (-1, 0.0, 0.0), 'dome': (-1, 0.0, 0.0), 'printer': (-1, 0.0, 0.0), 'tie': (-1, 0.0, 0.0), 'limousine': (-1, 0.0, 0.0), 'oyster': (-1, 0.0, 0.0), 'ipod': (-1, 0.0, 0.0), 'golf_ball': (-1, 0.0, 0.0), 'golf_cart': (-1, 0.0, 0.0), 'christmas_tree': (-1, 0.0, 0.0), 'tank': (-1, 0.0, 0.0), 'demonstration': (-1, 0.0, 0.0), 'bikini': (-1, 0.0, 0.0), 'egg': (-1, 0.0, 0.0), 'jam': (-1, 0.0, 0.0), 'bicycle': (0.030945593686426156, 0.84, -0.2727272727272727), 'unicycle': (-0.09112920738180998, 0.47, -0.2727272727272727), 'jet_ski': (0.19893595941273956, 0.0, -0.2727272727272727), 'parachute': (-0.09283678105927848, 0.83, -0.2727272727272727), 'collar': (0.19893595941273956, 0.0, -0.2727272727272727), 'crib': (-1, 0.0, -0.2727272727272727), 'diaper': (0.2245768187584237, 0.39, -0.2727272727272727), 'stretcher': (0.21093148952344945, 0.42, -0.2727272727272727), 'ambulance': (0.030945593686426156, 0.0, -0.2727272727272727), 'wheelchair': (0.17683196392243516, 0.67, -0.2727272727272727), 'fedora': (0.00942715938432517, 0.0, -0.2727272727272727), 'houseplant': (-0.11701610362096507, 0.33, -0.2727272727272727), 'headset': (-1, 0.0, -0.2727272727272727), 'banner': (0.03892775594980568, 0.98, -0.2727272727272727), 'police_van': (-1, 0.0, -0.2727272727272727), 'nude_body': (-1, 0.0, -0.2727272727272727), 'hammer': (-0.09283678105927848, 0.0, -0.2727272727272727), 'chain_saw': (0.19893595941273956, 0.55, -0.2727272727272727), 'knife': (0.3076702416990405, 0.32, -0.2727272727272727), 'drill': (0.19893595941273956, 0.35, -0.2727272727272727), 'saw': (0.15472796843213077, 0.39, -0.2727272727272727), 'hatchet': (-1, 0.0, -0.2727272727272727), 'bob_marley': (-1, 0.0, -0.2727272727272727), 'speedboat': (0.21219835670692222, 0.43, -0.30000000000000004), 'trimaran': (0.21219835670692222, 0.0, -0.30000000000000004), 'motorboat': (-1, 0.0, -0.30000000000000004), 'missile': (0.07222206015948561, 0.0, -0.30000000000000004), 'cannon': (0.2639604627611048, 0.81, -0.30000000000000004), 'doll': (-0.0928569344907672, 0.0, -0.5454545454545454), 'bonnet': (0.2940469592207628, 0.33, -0.5454545454545454), 'police_boat': (-1, 0.0, -0.5454545454545454), 'chisel': (-0.030945593686426156, 0.0, -0.5454545454545454), 'ax': (0.09741398030469343, 0.6, -0.5454545454545454), 'chicha': (-1, 0.0, -0.5454545454545454), 'cigarette_pack': (-1, 0.0, -0.5454545454545454), 'cigarette': (-1, 0.0, -0.5454545454545454), 'e_cig': (-1, 0.0, -0.5454545454545454), 'sword': (0.11051997745152199, 0.0, -0.8181818181818181), 'cannabis_leaf': (-1, 0.0, -1.0909090909090908), 'joint': (-1, 0.0, -1.3636363636363635), 'weed': (-1, 0.0, -1.3636363636363635), 'scimitar': (-1, 0.0, -1.3636363636363635), 'stiletto': (-1, 0.0, -1.3636363636363635), 'machine_gun': (0.24510614399245445, 0.0, -1.6363636363636362), 'rifle': (0.12883784491911066, 0.4, -1.6363636363636362), 'bullet': (-1, 0.0, -1.9090909090909092), 'pistol': (0.11051997745152199, 0.32, -2.1818181818181817), 'revolver': (-1, 0.0, -2.1818181818181817), 'cocain': (-1, 0.0, -2.727272727272727)}


WITH f_top = 0.4

{'job_search_IT': 0.11271385964454189, 'bank_credit': 0.18093087231549568, 'job_search_waiter_waitress': 0.24284901996428743, 'accommodation_search': 0.10349163381075095}


